5 0.08576051779935275 0.7003968253968255 0.11003236245954692 0.26587301587301587
2 0.2233009708737864 0.6984126984126984 0.12297734627831716 0.30158730158730157
2 0.22491909385113268 0.36904761904761907 0.12297734627831716 0.30158730158730157
3 0.36812297734627836 0.3551587301587301 0.1343042071197411 0.33730158730158727
3 0.36893203883495146 0.6984126984126985 0.13268608414239483 0.31746031746031744
4 0.5202265372168284 0.31746031746031744 0.15372168284789645 0.35714285714285715
4 0.5226537216828478 0.7003968253968255 0.14563106796116507 0.36904761904761907
0 0.6966019417475728 0.2876984126984127 0.17637540453074432 0.41666666666666663
0 0.6957928802588998 0.7261904761904762 0.16504854368932043 0.41269841269841273
1 0.8786407766990291 0.27182539682539686 0.16828478964401294 0.4325396825396826
1 0.8818770226537217 0.7242063492063491 0.17475728155339806 0.43253968253968245
5 0.08576051779935275 0.3988095238095238 0.11326860841423947 0.28174603174603174
