0 0.07533333333333334 0.534 0.15066666666666667 0.142
3 0.18933333333333333 0.5875 0.136 0.10099999999999999
3 0.3266666666666667 0.5965 0.12266666666666667 0.105
3 0.4246666666666667 0.5745 0.12666666666666665 0.10099999999999999
3 0.5106666666666666 0.561 0.13066666666666665 0.1
3 0.5946666666666666 0.605 0.136 0.10400000000000001
4 0.7473333333333333 0.5045 0.16399999999999998 0.12300000000000001
4 0.898 0.5315 0.16399999999999998 0.12300000000000001
5 0.7493333333333334 0.755 0.12266666666666667 0.102
5 0.84 0.7739999999999999 0.13333333333333333 0.10199999999999995
2 0.40199999999999997 0.7195 0.11599999999999999 0.08900000000000001
2 0.49866666666666665 0.72 0.11199999999999999 0.094
