0 0.25245098039215685 0.4718137254901961 0.29901960784313725 0.44362745098039225
4 0.3382352941176471 0.11029411764705882 0.21568627450980393 0.2107843137254902
3 0.8472222222222223 0.1801470588235294 0.2042483660130719 0.2867647058823529
4 0.6601307189542485 0.2867647058823529 0.21568627450980393 0.338235294117647
4 0.7736928104575164 0.35416666666666674 0.2173202614379085 0.33578431372549017
2 0.6478758169934641 0.784313725490196 0.19771241830065361 0.2892156862745098
4 0.5171568627450981 0.8443627450980392 0.22058823529411764 0.3112745098039215
4 0.27124183006535946 0.8345588235294117 0.2549019607843137 0.33088235294117646
0 0.5122549019607843 0.36519607843137253 0.2434640522875817 0.36764705882352944
2 0.5898692810457516 0.1053921568627451 0.1895424836601307 0.2107843137254902
3 0.9117647058823529 0.7745098039215687 0.17647058823529402 0.30392156862745096
