5 0.55859375 0.12708333333333333 0.1765625 0.2375
5 0.18984375 0.3604166666666667 0.1171875 0.175
5 0.084375 0.3989583333333333 0.09062500000000001 0.16458333333333328
5 0.0953125 0.6104166666666666 0.0875 0.1708333333333333
5 0.10546875 0.8427083333333334 0.0984375 0.17708333333333337
5 0.20703125 0.5625 0.10781249999999996 0.18333333333333332
5 0.3234375 0.4489583333333333 0.134375 0.21458333333333332
5 0.56328125 0.50625 0.17656249999999996 0.24166666666666667
5 0.25 0.83125 0.11875 0.20416666666666672
5 0.4125 0.83125 0.146875 0.2333333333333333
5 0.66328125 0.7989583333333333 0.1890625 0.25625
5 0.91015625 0.8125 0.1796875 0.2833333333333333
5 0.89296875 0.540625 0.2140625 0.30208333333333337
5 0.87890625 0.24166666666666664 0.2234375 0.2708333333333333
