5 0.13125 0.6950000000000002 0.2375 0.2633333333333335
5 0.365 0.7066666666666667 0.24 0.2666666666666667
5 0.61875 0.7066666666666667 0.2475000000000001 0.26666666666666666
5 0.85875 0.7133333333333333 0.2375 0.2733333333333333
5 0.18875 0.4716666666666666 0.2125 0.2033333333333333
5 0.4 0.4733333333333334 0.215 0.20666666666666667
5 0.6125 0.4683333333333334 0.215 0.2033333333333334
5 0.82125 0.47166666666666673 0.20749999999999996 0.19666666666666668
5 0.7875 0.29 0.19 0.16666666666666669
5 0.225 0.29333333333333333 0.19 0.16
5 0.41125 0.28833333333333333 0.1875 0.16333333333333327
5 0.60125 0.29 0.19749999999999995 0.16
