5 0.55703125 0.511221945137157 0.1234375 0.19451371571072318
5 0.678125 0.5024937655860349 0.11875 0.18703241895261846
5 0.8 0.4950124688279302 0.125 0.19201995012468828
5 0.07890625 0.7107231920199502 0.1265625 0.18952618453865339
5 0.2015625 0.7032418952618454 0.125 0.19950124688279303
5 0.321875 0.7044887780548628 0.11875 0.19700748129675813
5 0.43984375 0.7057356608478803 0.1203125 0.19451371571072318
5 0.55859375 0.7057356608478804 0.11718750000000004 0.1895261845386534
5 0.68046875 0.6970074812967582 0.1234375 0.19700748129675813
5 0.80078125 0.6907730673316708 0.1234375 0.19451371571072318
5 0.92578125 0.6783042394014963 0.1296875 0.19950124688279303
5 0.0796875 0.9002493765586034 0.125 0.19950124688279294
5 0.2015625 0.8952618453865336 0.121875 0.19451371571072318
5 0.321875 0.901496259351621 0.11875000000000004 0.19201995012468828
5 0.4421875 0.9027431421446385 0.11875 0.19451371571072318
5 0.5609375 0.8965087281795512 0.121875 0.1920199501246883
5 0.68203125 0.8902743142144638 0.1203125 0.19451371571072315
5 0.803125 0.885286783042394 0.12187499999999997 0.19451371571072315
5 0.928125 0.8790523690773068 0.125 0.19700748129675805
