0 0.17898193760262726 0.5822916666666668 0.22003284072249588 0.28541666666666665
0 0.14039408866995073 0.259375 0.21510673234811165 0.28125
0 0.35139573070607555 0.21041666666666667 0.2233169129720854 0.275
0 0.5295566502463054 0.203125 0.22167487684729065 0.28541666666666665
0 0.6510673234811166 0.153125 0.21182266009852216 0.28125
0 0.8628899835796386 0.25104166666666666 0.21510673234811165 0.27708333333333335
0 0.3251231527093596 0.490625 0.19047619047619047 0.2729166666666667
0 0.23234811165845648 0.7416666666666667 0.21510673234811165 0.2583333333333333
0 0.3423645320197044 0.8364583333333334 0.20525451559934318 0.27708333333333335
0 0.4433497536945813 0.7427083333333334 0.2036124794745484 0.24375
0 0.6133004926108374 0.7989583333333334 0.21182266009852216 0.26458333333333334
0 0.46633825944170765 0.56875 0.21674876847290642 0.2708333333333333
0 0.5229885057471264 0.38958333333333334 0.20197044334975364 0.24166666666666667
0 0.7011494252873562 0.41979166666666673 0.21346469622331685 0.26875
0 0.6494252873563218 0.5885416666666666 0.20197044334975364 0.2520833333333333
0 0.8530377668308702 0.5197916666666667 0.21182266009852216 0.26875
0 0.8251231527093595 0.7958333333333333 0.21182266009852216 0.275
