0 0.1225 0.18619791666666669 0.225 0.23697916666666669
0 0.2875 0.19140625 0.185 0.2265625
0 0.44 0.1875 0.19 0.21875
0 0.5875 0.18880208333333337 0.185 0.2161458333333334
0 0.7325 0.18359375 0.2 0.21614583333333331
0 0.87875 0.18359375 0.1975 0.2109375
0 0.8875 0.38671875 0.19 0.21093750000000003
0 0.72375 0.3984375 0.1925 0.2083333333333333
0 0.57875 0.40104166666666663 0.19749999999999995 0.20312499999999997
0 0.4325 0.41015625 0.185 0.2057291666666666
0 0.2875 0.40364583333333337 0.2 0.21354166666666669
0 0.12625 0.40494791666666674 0.2075 0.2109375
0 0.13875 0.6197916666666666 0.2025 0.20833333333333331
0 0.285 0.61328125 0.2 0.2109375
0 0.435 0.6119791666666666 0.19 0.20833333333333331
0 0.55625 0.6184895833333333 0.1875 0.21614583333333331
0 0.73 0.6158854166666667 0.195 0.20572916666666669
0 0.875 0.6158854166666667 0.19500000000000003 0.22135416666666669
0 0.8775 0.8294270833333333 0.195 0.2109375
0 0.7175 0.83984375 0.19 0.21614583333333331
0 0.56625 0.8333333333333333 0.1925 0.21875
0 0.4325 0.828125 0.185 0.21354166666666669
0 0.2925 0.8307291666666667 0.195 0.20833333333333331
0 0.15625 0.8372395833333333 0.2025 0.2057291666666666
