0 0.3 0.23035714285714284 0.22564102564102564 0.20357142857142857
4 0.517948717948718 0.2964285714285715 0.2153846153846154 0.20000000000000007
3 0.25256410256410255 0.49464285714285716 0.19743589743589746 0.19642857142857142
2 0.46025641025641023 0.5553571428571429 0.19743589743589746 0.1892857142857143
4 0.6448717948717949 0.2125 0.1923076923076923 0.175
4 0.7243589743589743 0.4410714285714286 0.2076923076923077 0.18928571428571428
4 0.8512820512820513 0.7785714285714286 0.23589743589743592 0.25
4 0.6051282051282051 0.8035714285714285 0.24102564102564106 0.24285714285714285
4 0.29743589743589743 0.8267857142857143 0.23589743589743592 0.1964285714285715
4 0.09102564102564102 0.782142857142857 0.18205128205128204 0.25
3 0.9038461538461539 0.3589285714285714 0.18717948717948718 0.17499999999999996
3 0.8692307692307693 0.06428571428571428 0.16410256410256407 0.12142857142857143
3 0.7128205128205128 0.060714285714285714 0.15384615384615385 0.12142857142857143
4 0.06538461538461536 0.5625 0.13076923076923072 0.225
