5 0.0859375 0.2651006711409396 0.1545138888888889 0.3087248322147651
5 0.0859375 0.7365771812080537 0.1545138888888889 0.3053691275167785
2 0.2595486111111111 0.26174496644295303 0.14756944444444445 0.28187919463087246
2 0.25 0.7432885906040267 0.14583333333333334 0.28523489932885904
3 0.4288194444444444 0.2684563758389262 0.1701388888888889 0.3288590604026846
3 0.42447916666666674 0.7365771812080537 0.1684027777777778 0.3322147651006711
4 0.6319444444444444 0.2634228187919463 0.20833333333333331 0.3993288590604027
4 0.6293402777777777 0.738255033557047 0.20659722222222218 0.40268456375838924
0 0.8723958333333335 0.25838926174496646 0.24131944444444442 0.4563758389261745
0 0.8680555555555556 0.7483221476510067 0.2361111111111112 0.46308724832214765
