5 0.07266666666666667 0.12046444121915818 0.13733333333333334 0.14804063860667635
5 0.07866666666666666 0.8947750362844702 0.136 0.14949201741654572
2 0.20266666666666666 0.1219158200290276 0.12 0.1335268505079826
2 0.20866666666666667 0.8911465892597968 0.12133333333333333 0.13062409288824384
3 0.3426666666666667 0.886066763425254 0.14400000000000002 0.15820029027576196
3 0.33866666666666667 0.1197387518142235 0.14666666666666667 0.1611030478955007
4 0.5006666666666667 0.11901306240928883 0.17733333333333334 0.19158200290275762
4 0.5053333333333333 0.8831640058055154 0.18133333333333332 0.193033381712627
0 0.6953333333333334 0.11683599419448477 0.20933333333333334 0.22786647314949204
0 0.7020000000000001 0.8824383164005805 0.2093333333333333 0.22641509433962262
1 0.894 0.11611030478955006 0.18266666666666673 0.20029027576197386
1 0.9006666666666666 0.8831640058055154 0.18266666666666664 0.1988388969521045
